0 917
1 59
1 193
1 201
1 208
1 237
1 358
1 362
1 659
1 784
2 300
2 462
2 758
2 959
3 27
3 43
3 126
3 322
3 422
3 678
3 974
4 78
4 336
4 471
4 551
4 610
4 642
4 681
4 811
4 904
5 657
5 772
5 974
6 92
6 202
6 253
6 512
6 836
7 280
7 480
7 854
8 104
8 287
8 374
8 452
8 610
8 707
8 730
9 84
9 229
9 418
10 247
10 445
10 505
10 697
11 52
11 876
11 980
12 63
12 315
12 577
12 586
13 124
14 538
15 210
15 311
15 348
15 374
15 763
15 765
15 870
16 818
16 914
17 339
17 447
18 97
18 308
18 602
19 505
19 641
19 649
19 685
19 692
19 697
19 794
19 835
19 959
20 267
20 332
20 764
20 773
20 786
20 994
21 277
21 464
21 471
21 621
22 310
22 858
22 985
23 287
23 385
23 621
23 861
24 165
24 188
24 259
24 486
24 595
25 410
25 492
25 531
25 669
25 794
25 893
25 923
25 953
26 336
26 731
26 761
26 812
27 315
27 390
27 421
27 466
27 473
27 530
27 991
28 40
28 81
29 81
29 271
29 367
29 566
29 654
29 861
30 143
30 484
30 730
30 874
30 910
31 350
31 630
31 763
31 836
31 985
33 42
33 113
33 125
33 389
33 579
33 759
34 129
34 431
34 569
34 721
34 746
34 749
35 304
35 307
35 335
35 383
35 555
36 408
36 992
37 911
38 392
38 457
38 759
39 284
39 358
39 430
39 617
39 655
39 656
39 863
40 315
40 366
40 413
40 581
40 710
40 949
41 124
41 397
41 543
41 555
41 846
42 136
42 186
43 70
43 252
43 549
43 798
43 925
44 96
44 439
44 456
44 708
44 898
45 140
45 183
45 258
45 283
45 288
45 539
45 610
45 898
45 943
46 687
47 233
47 334
47 381
47 911
47 934
48 127
48 211
48 239
48 630
49 60
49 116
49 214
49 381
49 466
49 499
49 616
49 789
49 795
49 966
50 227
50 337
50 775
50 803
50 989
51 246
51 404
51 549
51 701
51 760
51 964
52 156
52 173
52 204
52 216
52 452
52 689
52 864
53 133
53 594
53 675
53 794
53 995
54 385
54 407
54 598
54 625
54 642
54 744
55 74
56 93
56 515
56 556
56 728
57 674
57 862
57 960
58 287
58 528
58 549
58 718
58 766
58 773
59 556
59 803
59 831
60 259
60 413
60 461
60 574
61 146
61 164
61 272
61 312
61 363
61 630
61 748
61 871
62 80
62 102
62 389
63 76
63 440
63 837
63 870
64 151
64 419
64 490
64 518
64 526
64 584
64 625
64 636
64 696
64 720
64 916
64 992
65 280
65 375
65 825
65 854
65 979
65 981
66 290
66 507
66 540
66 630
66 866
67 216
67 613
67 883
68 153
68 388
68 919
68 977
69 202
69 546
69 590
70 200
70 407
70 486
70 600
70 616
70 934
71 402
71 556
71 851
71 961
71 999
72 375
72 463
72 582
72 714
72 821
73 225
73 318
73 397
73 477
73 587
73 657
73 774
73 905
74 254
74 380
75 242
75 338
75 835
75 867
76 96
76 132
76 161
76 216
76 245
76 475
76 670
76 733
76 798
77 173
77 230
77 265
77 439
78 150
78 319
78 377
78 433
78 706
79 195
79 311
79 506
79 759
79 788
79 951
79 979
80 312
80 328
80 338
80 731
81 456
81 575
82 208
82 509
82 669
82 765
83 291
83 373
83 492
84 254
84 290
84 379
84 423
85 111
85 396
85 694
85 873
85 895
85 988
86 674
86 990
87 944
88 829
88 872
88 956
89 385
89 433
89 493
89 549
89 565
89 583
89 631
90 175
90 342
90 462
90 515
90 521
90 649
90 714
90 755
90 817
90 872
91 149
91 268
91 332
91 912
91 923
92 165
92 473
92 570
92 696
92 984
93 205
93 250
93 281
93 678
93 701
93 729
93 819
94 114
94 362
94 389
94 395
94 452
94 607
94 909
95 139
95 412
95 494
95 650
95 856
95 933
96 354
96 428
96 637
96 658
97 129
97 231
97 264
97 300
97 305
97 805
98 213
98 379
98 486
98 511
98 728
99 108
99 248
99 594
99 685
99 732
99 812
100 456
100 586
101 585
102 196
102 482
102 706
102 969
103 321
103 429
103 577
103 643
103 771
103 949
104 136
104 349
104 439
104 510
104 555
104 584
104 675
104 713
105 432
105 466
105 773
105 936
106 126
106 355
106 384
106 501
106 719
107 199
107 901
108 126
108 140
108 265
108 524
108 711
108 718
108 966
109 212
109 364
109 882
109 897
110 415
110 502
110 640
110 857
111 387
111 714
111 833
111 859
111 889
112 321
112 426
112 479
112 495
112 505
112 511
112 655
112 976
113 226
113 305
113 587
113 887
113 975
114 257
114 330
114 546
114 893
114 928
115 170
115 377
115 404
115 614
115 906
115 923
115 930
116 157
116 310
116 756
116 783
117 633
117 939
118 131
118 143
119 509
119 881
120 462
120 616
120 655
121 221
121 360
121 552
121 718
121 798
121 854
122 220
122 443
122 551
122 580
122 734
122 933
123 395
124 260
124 307
124 996
125 364
125 619
125 866
125 902
125 921
126 215
126 878
126 968
127 324
127 396
127 472
127 741
127 979
128 739
129 204
129 414
129 433
129 459
129 941
130 155
130 221
130 297
130 340
130 573
130 608
130 627
131 139
131 283
131 829
131 960
132 565
132 577
132 641
132 847
132 854
133 189
133 696
133 708
133 821
133 968
134 266
134 556
134 628
134 714
135 438
136 332
136 349
136 381
136 388
136 472
136 529
137 208
137 238
137 256
137 640
137 869
137 981
138 355
138 698
138 724
138 742
138 822
139 261
139 730
139 785
140 347
140 643
140 692
140 983
140 994
141 274
141 286
141 406
141 610
141 972
142 263
142 516
142 704
142 959
143 499
143 750
143 841
143 906
144 392
144 393
144 638
144 672
145 150
145 380
146 299
146 414
146 458
146 476
146 697
146 796
146 953
146 963
147 496
148 698
148 941
149 487
149 497
149 529
149 924
150 199
150 408
150 493
151 336
151 663
152 161
152 375
152 386
152 466
152 468
152 512
152 594
152 614
152 922
153 344
153 435
153 677
153 916
154 709
154 771
154 785
155 218
155 335
155 658
155 729
155 752
155 782
155 810
155 974
156 175
156 373
157 186
157 226
157 511
157 681
157 742
158 324
158 699
159 320
159 697
160 356
160 575
161 168
161 417
161 540
161 605
161 760
161 829
161 831
161 904
161 977
162 612
162 645
162 732
162 993
163 337
163 534
163 611
164 277
164 280
164 410
164 920
165 461
165 508
165 705
166 189
167 467
167 636
168 253
168 268
168 445
168 685
168 959
169 325
169 365
169 514
170 950
171 341
171 399
171 416
171 528
171 960
172 326
172 733
172 758
172 934
173 221
173 506
173 655
173 877
173 990
174 556
174 562
174 621
175 307
175 420
175 433
175 510
175 613
175 659
176 273
176 462
176 604
176 674
176 813
177 855
178 871
179 209
179 498
179 586
179 618
179 777
179 931
180 248
180 249
180 395
180 444
180 483
180 621
180 751
180 837
180 851
180 931
181 311
181 614
181 950
182 228
182 298
182 405
182 418
182 719
182 998
183 553
184 254
184 290
184 548
184 915
185 274
185 338
185 576
185 725
186 581
186 752
186 888
187 250
187 430
187 832
188 472
189 254
189 283
189 915
190 357
190 386
190 678
190 864
191 375
191 899
192 196
192 306
192 397
192 705
193 341
193 402
193 866
194 230
194 434
194 918
194 921
195 428
195 526
195 584
195 627
195 936
195 974
196 569
196 647
197 336
197 399
197 418
197 428
197 502
197 971
198 313
198 779
198 824
198 946
199 241
199 402
199 447
199 469
199 507
199 545
199 733
199 929
199 957
200 280
200 572
200 811
201 522
201 740
202 466
202 600
202 689
202 741
202 892
202 924
202 927
203 328
203 449
203 505
203 811
203 848
204 353
204 626
204 648
204 883
205 483
205 599
205 745
206 700
206 966
207 454
207 465
207 699
207 725
207 833
207 857
207 869
207 919
207 926
208 431
208 692
209 301
209 348
209 360
209 394
209 622
210 231
210 409
210 515
210 661
210 732
210 784
211 227
211 394
211 418
211 522
211 763
212 268
212 529
212 609
212 813
212 826
213 742
213 759
213 764
214 282
214 541
214 561
214 629
216 342
216 548
216 703
216 760
217 601
217 847
217 864
218 219
218 281
218 370
218 371
218 411
218 581
218 587
218 634
219 369
219 414
219 466
219 548
219 978
220 442
220 461
220 538
220 941
221 392
221 828
223 602
224 454
224 467
224 935
225 326
225 513
225 654
225 711
226 431
226 525
226 663
226 949
227 245
227 260
227 312
227 448
227 889
228 246
228 439
228 690
228 767
228 877
228 949
229 403
229 450
229 888
230 352
230 384
230 458
230 571
231 432
231 515
232 431
232 472
232 940
233 869
233 958
234 491
234 742
235 557
236 285
236 540
237 407
237 510
237 525
237 617
237 975
238 292
238 404
239 245
239 288
239 301
239 350
239 538
239 952
240 627
240 683
240 684
240 751
240 837
240 887
240 949
241 473
241 667
241 812
242 346
242 385
242 508
242 701
242 751
243 460
243 791
243 964
244 350
244 433
244 612
244 780
244 864
245 756
246 521
246 546
246 576
246 937
247 421
247 704
247 717
247 767
247 922
249 358
249 844
249 887
249 908
249 979
250 284
250 381
250 562
250 597
251 463
251 526
251 578
251 793
251 821
251 874
252 507
252 508
253 310
253 313
253 339
253 759
254 257
254 490
254 726
254 736
254 798
255 615
255 752
256 332
256 749
256 926
257 412
257 567
257 613
257 746
257 776
257 873
257 916
258 458
258 713
259 265
259 269
259 296
259 370
259 605
259 821
259 906
260 710
260 853
260 947
261 485
261 567
262 513
263 584
263 656
263 679
263 697
263 715
263 825
263 930
264 440
264 698
265 930
265 992
266 580
266 865
267 619
267 784
267 925
268 632
268 843
269 305
269 610
270 314
270 400
270 444
270 684
270 778
270 892
271 628
271 742
272 772
273 630
274 439
274 575
274 862
274 943
275 363
275 408
275 514
275 661
275 707
275 823
275 943
275 985
276 510
276 573
276 590
276 685
276 898
277 795
277 823
277 926
279 434
279 851
280 333
280 443
280 853
281 505
281 592
282 286
283 385
283 716
283 764
283 818
283 984
284 520
284 871
285 505
285 588
285 616
285 901
285 907
286 524
286 889
287 431
287 453
287 497
287 501
287 761
287 827
287 917
289 310
289 367
289 526
289 654
289 801
290 427
290 751
290 866
290 917
291 468
291 732
291 926
291 942
292 954
292 958
293 874
294 329
294 746
294 980
295 728
295 755
295 860
295 870
295 930
296 397
296 448
296 597
296 801
297 316
297 680
297 843
297 907
298 316
298 568
298 574
298 770
298 975
299 333
299 569
300 598
300 952
301 800
302 464
302 610
302 759
302 769
302 825
302 912
303 593
303 631
303 709
303 893
303 937
304 308
304 442
304 858
304 964
305 436
305 482
305 571
305 864
305 966
306 377
306 699
306 836
307 442
307 697
307 835
307 998
308 558
309 847
310 419
310 723
310 816
310 834
310 891
310 906
311 319
312 372
312 613
312 951
313 573
313 677
313 898
315 507
315 530
315 586
316 357
316 388
316 456
316 461
316 760
316 895
317 606
318 388
318 548
318 797
318 845
319 791
319 993
320 347
320 465
320 467
320 705
320 730
320 972
321 462
321 696
321 872
322 382
322 418
322 532
322 616
322 782
322 795
323 522
323 548
323 755
323 893
324 572
324 865
324 962
325 328
325 405
325 429
325 601
325 747
325 750
325 859
327 351
327 567
328 664
328 998
329 647
329 764
330 415
330 663
330 849
330 868
330 998
331 337
331 581
331 884
331 918
332 676
332 738
332 922
332 966
333 584
334 349
334 508
334 754
334 912
334 934
335 372
335 541
336 390
336 674
336 892
337 681
337 839
338 573
339 543
339 562
339 657
339 820
340 557
340 634
340 685
341 396
341 597
343 685
343 702
344 352
344 598
344 730
345 371
345 845
347 443
347 566
347 856
348 480
349 657
349 899
349 941
350 452
350 932
351 393
351 402
351 487
351 614
351 872
352 450
352 527
353 511
354 575
354 693
355 644
356 392
356 437
356 553
356 648
356 787
357 514
357 868
357 928
358 538
358 621
358 831
358 970
359 853
360 484
360 518
360 559
360 603
360 665
360 745
360 987
360 998
361 394
361 593
361 737
362 565
362 800
362 854
362 923
362 957
363 373
363 547
363 662
363 720
363 768
363 853
364 468
364 520
364 643
364 662
364 829
364 830
364 946
364 959
365 522
365 998
366 680
366 740
366 793
367 583
367 725
368 788
369 479
369 654
369 756
370 733
370 850
370 868
370 929
370 989
371 421
371 614
371 649
371 686
371 722
371 811
371 958
371 977
372 442
372 450
372 868
373 707
373 951
374 457
374 632
374 635
375 916
376 583
377 529
377 605
377 696
377 828
378 531
379 557
379 628
379 631
379 767
380 473
380 685
380 932
380 939
381 698
381 894
381 998
382 757
382 800
384 473
384 985
385 464
385 506
385 515
385 682
386 680
386 953
387 645
387 724
387 929
387 970
388 653
388 806
389 427
389 722
389 867
389 910
390 396
390 593
390 708
390 801
390 831
390 855
391 437
391 706
391 944
392 691
392 973
393 634
393 789
393 957
394 404
394 504
394 739
394 917
395 852
396 407
396 597
398 437
398 479
398 923
398 958
398 969
399 442
399 543
399 951
400 673
400 781
401 561
401 564
401 788
401 846
401 969
402 491
402 497
402 570
402 702
402 773
405 718
406 437
406 540
406 599
406 701
406 732
406 775
406 945
407 616
407 699
407 714
408 621
409 845
410 429
410 533
410 539
410 669
410 721
411 413
411 431
411 501
411 807
412 716
413 619
413 835
413 917
414 534
414 576
414 890
415 757
415 826
415 865
416 692
417 481
417 631
417 700
417 741
417 826
417 943
418 505
418 621
418 766
418 830
419 704
419 940
420 606
421 426
421 459
421 543
421 598
421 868
422 591
422 614
422 757
423 453
423 693
423 902
424 556
424 572
424 743
424 766
426 607
426 846
427 642
428 499
428 599
428 911
429 948
430 437
430 538
430 579
431 498
431 543
431 839
432 540
432 682
433 471
433 755
433 823
434 610
434 742
435 455
435 655
435 694
436 581
436 644
436 700
436 907
437 565
437 598
438 622
438 728
438 945
439 543
439 798
439 877
439 898
439 941
440 512
440 852
441 538
441 623
441 638
441 671
442 457
442 634
442 689
442 694
442 695
442 931
443 521
444 489
444 551
445 662
445 788
445 819
445 936
446 558
446 744
446 840
447 457
447 474
447 585
447 641
447 656
447 812
447 980
448 801
448 835
449 530
450 472
450 523
450 680
450 761
450 950
451 653
451 745
451 870
452 525
452 612
453 666
453 702
454 877
455 617
455 770
456 479
456 521
456 582
456 939
457 523
457 556
457 986
457 987
458 764
458 991
459 491
459 743
459 784
460 478
460 554
461 485
461 492
461 521
461 714
461 770
461 957
462 517
462 725
463 522
463 556
464 687
464 957
465 697
465 704
465 713
465 869
465 892
466 696
466 986
467 546
467 561
467 726
468 504
469 798
469 809
469 945
470 917
472 515
473 840
475 709
475 814
475 951
476 815
476 817
476 903
477 549
477 634
477 657
478 624
478 680
478 739
478 904
478 962
479 756
479 799
480 703
480 944
481 508
481 648
481 994
482 572
482 643
482 919
483 636
483 643
483 644
483 782
484 517
484 584
484 940
485 543
485 797
486 823
486 845
486 864
486 942
487 637
487 681
487 689
487 984
488 652
488 762
488 896
488 906
489 614
489 619
489 717
489 992
490 629
490 656
490 665
490 931
491 565
491 719
491 799
491 969
491 971
492 568
492 666
492 826
493 530
494 521
494 522
494 548
494 790
494 891
494 941
495 708
495 921
496 768
496 890
496 962
496 977
496 978
497 792
497 894
498 519
498 624
498 968
499 547
499 865
500 509
500 552
500 624
500 729
501 509
501 553
501 710
501 737
501 823
501 926
503 572
503 914
504 646
505 704
505 944
506 629
507 822
508 567
508 591
508 629
508 861
509 608
509 919
509 962
509 994
510 795
511 626
511 820
511 851
512 534
512 731
512 814
512 859
512 919
513 758
513 833
513 996
515 519
515 569
516 578
516 828
516 880
516 939
516 981
517 683
517 969
517 984
518 607
518 671
518 687
519 578
519 815
519 854
520 908
522 815
522 833
522 876
522 985
523 885
523 903
523 957
523 958
524 544
524 680
524 975
525 611
525 783
525 904
526 713
527 771
527 801
527 927
528 947
528 956
529 587
529 663
529 811
530 603
530 998
531 890
531 893
532 655
533 699
534 652
534 794
534 883
535 930
536 827
536 951
537 558
537 903
538 662
538 864
538 988
538 989
539 736
539 955
540 925
541 564
541 597
541 621
542 696
542 893
543 738
543 792
543 885
543 896
543 982
544 572
544 592
546 829
547 874
548 865
549 741
549 841
550 919
550 937
551 701
552 924
552 950
553 748
554 575
554 839
555 595
555 712
555 726
555 780
555 896
555 965
557 953
559 732
560 762
560 859
561 578
561 698
561 712
561 847
561 912
561 935
562 672
562 786
562 811
563 711
563 840
563 948
564 625
565 651
565 753
565 853
566 683
566 739
566 824
567 830
567 856
567 875
568 772
568 871
568 954
569 863
571 574
571 581
571 665
571 823
571 989
573 589
573 848
573 896
573 947
573 984
574 764
574 822
575 883
575 887
575 894
578 854
578 966
580 685
580 789
580 842
580 869
580 926
581 616
582 896
583 757
583 834
584 721
584 764
584 795
585 617
585 924
586 599
586 634
586 685
586 729
587 732
588 664
588 975
589 686
589 756
589 771
589 778
590 659
590 755
590 826
590 895
591 926
592 758
592 967
593 614
594 975
595 684
595 916
596 729
596 884
597 867
598 603
598 623
598 643
598 711
598 829
599 745
600 840
600 893
601 635
601 908
602 607
602 777
603 619
603 956
604 876
605 646
605 931
605 952
605 954
605 986
606 712
606 792
606 809
606 892
607 809
607 912
608 953
609 646
610 755
610 764
610 985
611 858
611 927
612 868
613 984
615 631
615 805
615 999
616 830
617 796
618 631
618 848
619 770
619 812
619 937
620 717
621 860
622 690
622 831
622 869
622 933
622 965
623 658
623 869
624 669
627 909
628 796
628 836
628 876
629 924
630 770
632 651
632 662
632 758
632 781
632 854
632 905
632 998
633 797
633 975
634 698
634 830
634 860
635 644
636 653
636 788
636 859
636 965
637 936
639 725
640 655
640 911
641 722
643 756
644 658
644 689
644 724
645 847
646 950
649 713
649 725
649 753
649 754
650 934
651 653
651 713
651 741
651 809
651 981
653 862
653 890
654 991
656 685
656 734
656 743
656 911
658 962
659 737
660 729
660 760
660 825
661 880
661 938
662 872
662 883
663 694
663 862
664 674
664 707
665 746
665 764
665 897
666 819
666 861
667 701
667 800
669 758
669 830
670 775
670 856
672 692
672 781
674 701
675 721
675 807
676 760
676 784
676 992
677 918
678 722
678 911
680 929
680 948
681 684
681 920
682 744
684 827
684 946
685 728
687 972
689 812
689 837
689 882
689 908
689 988
691 759
692 986
693 764
693 770
693 806
694 924
697 709
697 753
697 825
698 798
699 728
699 749
699 841
700 823
701 824
701 900
702 778
702 984
703 731
703 762
703 893
703 896
704 779
708 877
708 946
710 733
710 969
710 974
711 945
712 854
712 925
712 927
712 967
713 887
715 909
716 748
718 750
719 989
720 974
721 787
722 971
723 973
724 934
725 839
726 804
726 881
726 916
727 870
729 911
730 739
730 805
731 844
733 954
734 764
734 817
734 840
734 967
736 785
737 826
737 902
739 756
739 892
740 853
740 871
741 790
741 858
741 942
742 828
742 984
744 849
745 958
746 888
746 934
747 888
748 886
748 979
749 777
749 918
750 952
751 895
753 989
754 960
755 881
755 946
756 872
757 778
757 890
758 902
758 904
758 918
759 808
760 802
761 784
761 880
762 837
764 857
764 926
765 892
766 807
766 958
768 941
770 771
771 990
772 820
774 858
774 953
777 993
778 847
779 897
780 879
780 912
781 921
781 962
783 834
785 883
786 823
788 837
789 929
790 861
791 853
791 894
792 794
793 943
794 831
795 799
796 872
799 973
800 829
802 968
802 985
803 809
804 843
807 884
807 914
810 899
810 932
811 944
812 888
813 823
813 952
815 867
815 868
816 893
818 926
823 965
824 867
825 839
826 883
827 850
827 869
828 975
830 888
830 983
831 930
832 992
834 931
835 885
837 916
837 967
837 968
838 840
840 864
840 913
842 850
842 870
842 915
844 902
845 948
850 950
856 948
857 964
859 875
860 949
860 971
862 984
863 983
866 948
871 873
872 900
872 907
872 920
874 973
875 908
879 975
879 995
880 968
881 976
883 900
888 897
888 933
889 907
889 915
889 938
891 992
892 945
894 926
899 909
900 949
906 958
907 910
907 991
909 969
912 932
913 963
915 981
918 965
919 944
922 926
930 988
931 968
932 996
936 996
944 974
949 952
954 985
955 977
959 993
964 985
982 995
998 999